~~~~~~~~~ Linear sRGB Matrices ~~~~~~~~~
========================================
Into XYZ (M):
     0.4124574455823671,  0.3575758652455160,  0.1804372478263998,
     0.2126733703784080,  0.7151517304910320,  0.0721748991305599,
     0.0193339427616735,  0.1191919550818387,  0.9503028385523725,
From XYZ (M^-1):
     3.2404462546477407, -1.5371347618200821, -0.4985301930227293,
    -0.9692666062446794,  1.8760119597883694,  0.0415560422144301,
     0.0556435035643528, -0.2040261797359601,  1.0572265677227023,
~~~~~~~~~~~~ Oklab matrices ~~~~~~~~~~~~
========================================
M1:
     0.8189884519759543,  0.3618912424500841, -0.1288684337956881,
     0.0329839110434283,  0.9292941054748394,  0.0361449481021053,
     0.0481841465068086,  0.2642776899213323,  0.6336393175236821,
M1^-1:
     1.2269307883646734, -0.5578106462677585,  0.2813504165573680,
    -0.0405774290091394,  1.1122781329556793, -0.0717007039465399,
    -0.0763761059650258, -0.4214900468431466,  1.5866948892040570,
M2:
     0.2104542683093140,  0.7936177747023052, -0.0040720430116193,
     1.9779985324311686, -2.4285922420485796,  0.4505937096174110,
     0.0259040424655478,  0.7827717124575297, -0.8086757549230775,
M2^-1:
     1.0000000000000000,  0.3963377773761749,  0.2158037573099136,
     1.0000000000000000, -0.1055613458156586, -0.0638541728258133,
     1.0000000000000000, -0.0894841775298119, -1.2914855480194092,
RGB_LMS:
     0.4122709801829559,  0.5362975720566723,  0.0514314477603717,
     0.2119393935361401,  0.6806887252266035,  0.1073718812372563,
     0.0883294833137031,  0.2817528442280716,  0.6299176724582253,
RGB_LMS^-1:
     4.0762520493926093, -3.3071512880696345,  0.2308992386770251,
    -1.2685206721376014,  2.6097988538914582, -0.3412781817538568,
    -0.0041972628456039, -0.7035828725078884,  1.7077801353534923,
