~~~~~~~~~ Linear sRGB Matrices ~~~~~~~~~
========================================
Into XYZ (M):
     0.4124574455823671,  0.3575758652455160,  0.1804372478263998,
     0.2126733703784080,  0.7151517304910320,  0.0721748991305599,
     0.0193339427616735,  0.1191919550818387,  0.9503028385523725,
From XYZ (M^-1):
     3.2404462546477407, -1.5371347618200821, -0.4985301930227293,
    -0.9692666062446794,  1.8760119597883694,  0.0415560422144301,
     0.0556435035643528, -0.2040261797359601,  1.0572265677227023,
~~~~~~~~~~~~ Oklab matrices ~~~~~~~~~~~~
========================================
M1:
     0.8189884519759543,  0.3618912424500841, -0.1288684337956881,
     0.0329839110434283,  0.9292941054748394,  0.0361449481021053,
     0.0481841465068086,  0.2642776899213323,  0.6336393175236821,
M1^-1:
     1.2269307883646734, -0.5578106462677585,  0.2813504165573680,
    -0.0405774290091394,  1.1122781329556793, -0.0717007039465399,
    -0.0763761059650258, -0.4214900468431466,  1.5866948892040570,
M2:
     0.2104542553000000,  0.7936177850000000, -0.0040720468000000,
     1.9779984951000000, -2.4285922050000000,  0.4505937099000000,
     0.0259040371000000,  0.7827717662000000, -0.8086757660000000,
M2^-1:
     0.9999999984505198,  0.3963377921737679,  0.2158037580607588,
     1.0000000088817608, -0.1055613423236563, -0.0638541747717059,
     1.0000000546724109, -0.0894841820949658, -1.2914855378640917,
