~~~~~~~ D65 2 Degree FOV ~~~~~~~
================================
White Point XYZ
    X: 0.9504705586542831
    Y: 1.0000000000000000
    Z: 1.0888287363958840
White Point Chromaticity
    x: 0.3127268710265648
    y: 0.3290232066412840
    Y: 1.0000000000000000
